image: /home/trevor/catkin_ws/src/lab4/maps/544map/544map.pgm
resolution: 0.025000
origin: [-10.000000, -10.000000, 0.000000]
negate: 0
occupied_thresh: 0.65
free_thresh: 0.196

